function y = fPn(x)
         y = 1 * x ^ 10;
         y += -7 * x ^ 9;
         y += 20.95 * x ^ 8;
         y += -34.75 * x ^ 7;
         y += 34.5004 * x ^ 6;
         y += -20.5012 * x ^ 5;
         y += 6.7512 * x ^ 4;
         y += -0.9504 * x ^ 3;
end
